5 319 385 395 448 474 489 767 849 926 953 1395 1487 2123 2193
90 167 448 1052 1103 1160 1238 1246 1253 1344 1423 1541 1660 1772 2153
0 28 151 191 663 713 778 1121 1127 1181 1249 2036 2056 2095 2130
0 73 121 202 262 316 720 778 871 1347 1438 1468 1633 2276 2368
0 158 181 202 395 626 655 953 1052 1131 1634 1727 1769 2230 2272
73 102 393 481 551 567 598 663 1038 1116 1986 2036 2123 2185 2199
0 18 117 243 247 746 814 1246 1300 1385 1458 2086 2193 2230 2317
0 198 250 259 481 551 663 956 1116 1609 1671 1839 1919 1922 1979
0 91 567 762 856 869 956 1038 1131 1385 1524 1609 1617 1769 2377
0 32 91 121 247 299 586 652 741 903 1142 1678 1723 2095 2101
0 90 290 291 307 542 814 1266 1315 1423 1451 1541 1821 1942 2186
0 47 90 385 393 444 746 830 1238 1266 1326 1727 1772 1839 2101
102 181 315 412 474 713 746 779 856 906 1211 1468 1558 1633 1805
0 90 164 215 290 478 567 626 682 830 1305 2056 2130 2146 2272
85 142 277 444 478 515 652 853 1300 1305 1331 1343 1501 1922 1942
