501 1247 1699 1709 1762 4962 5038 5103 5231 5241 5268 5361 5453 5549 5619
100 174 291 379 430 496 897 905 912 1003 1082 1100 1313 1331 1515
799 803 912 952 1038 1088 2003 2186 2296 2350 2418 2500 2520 2559 2594
205 2061 2089 2119 2149 2202 3154 3411 3504 3541 3632 3662 3718 3745 3837
379 457 480 1724 1784 1820 5059 5268 5710 5789 5865 6013 6055 6107 6149
278 307 1056 4159 4521 4537 4736 4801 4884 4962 4988 5038 5125 5187 5201
1038 1151 1226 1246 1250 1341 1502 1521 1577 1662 1735 1784 1879 1916 2003
0 32 84 880 1144 1205 1341 1440 1502 1508 1570 1577 1657 1660 1717
2879 3324 3354 3450 3541 3837 4977 5549 5632 5710 5766 5851 5859 5925 6013
0 32 91 1778 1838 1916 3212 3846 3935 4013 4101 4170 4215 4297 4303
174 264 2024 2350 2358 2449 2529 2618 2667 2699 2727 2817 2910 3085 3120
2418 2699 2742 2817 2825 2876 2879 2963 2997 3025 3085 3154 3199 3266 3324
307 372 1082 3193 3935 3966 3999 4032 4109 4303 4383 4431 4521 4596 4692
0 28 49 100 372 595 684 743 799 862 880 897 927 1508 1515
0 480 1205 1247 1662 1699 1725 1793 1866 1871 1879 1891 1978 2069 2089
