13 443 1369 1595 2033 2098 2192 2263 2288 2386 2435 2478 2486 2576 2597
232 571 599 637 1062 1155 1190 1227 1255 1317 1403 1468 1479 1673 4485
0 33 100 196 287 370 1808 1882 1970 2576 3999 4202 4281 4319 4359
0 221 370 443 531 555 571 649 719 772 840 913 1003 1061 1804
0 1317 1369 1532 1894 4443 4484 4995 5054 5073 5133 5218 5317 5390 5485
0 62 122 300 531 541 627 715 784 2192 2233 2279 2670 2746 2829
486 536 658 2594 2714 2758 3059 3067 3167 3237 3290 3368 3460 3522 3607
0 541 713 1488 1532 1595 1686 1707 1708 1804 1823 1882 1894 3048 3059
93 186 649 913 950 1227 1317 1380 1420 1488 1501 1517 1600 1649 1673
4038 4043 4339 4360 4374 4440 4443 4449 4547 4610 4674 4750 4844 4861 4923
186 221 263 325 613 686 4484 5218 5257 5390 5415 5424 5458 5508 5549
60 3677 3709 3744 3754 3783 3851 3871 3879 3937 3999 4038 4070 4078 4111
599 627 2435 2438 2466 2532 2591 2922 2967 3048 3056 3100 3142 3144 3167
122 393 486 1003 1062 3067 3092 3115 3290 3522 3586 3646 4449 4844 4923
1479 1935 2033 2486 2510 2594 2641 2713 2746 2837 2922 2990 4319 4339 4441
