404 498 564 574 995 2160 2278 2343 2425 2435 2462 2555 2647 2743 2813
0 154 908 1906 2016 3343 3999 4007 4014 4105 4184 4202 4253 4271 4370
0 215 297 337 1825 1875 1929 1950 1956 2010 2359 2441 2461 3520 3988
29 102 337 374 404 913 1269 1327 1420 1452 1543 1573 1629 1656 1748
0 78 154 175 252 367 396 1957 2056 2135 3752 3845 3887 3939 3981
0 93 633 721 888 1420 1543 1608 1691 2989 3015 3065 3152 3214 3228
0 18 191 211 215 306 374 393 574 659 743 786 3229 3555 3642
0 102 154 211 572 633 883 982 1044 1050 1112 2024 2104 2107 2271
235 320 623 719 810 1748 2078 2743 2826 2904 3258 3343 3351 3417 3505
149 154 213 243 303 896 1950 2104 2193 2271 3683 3848 4056 4138 4144
74 164 191 192 344 1656 1736 1825 1874 1906 1934 2896 2989 2995 3030
303 350 393 564 572 623 627 732 1112 1140 1200 1269 2193 2260 2318
185 344 626 723 1021 1052 1200 3152 3505 3555 3635 3683 3773 3848 3944
0 28 201 252 327 719 808 3845 3901 3964 3982 3999 4077 4093 4100
0 57 73 115 164 201 327 810 883 888 896 908 1769 1852 1956
