745 1411 1535 2443 3368 3394 3409 3474 3556 3566 3593 3686 4646 4742 4812
1425 1499 1530 1618 1669 1726 1804 1812 2381 2921 3000 3149 3200 3513 3794
0 482 564 604 690 740 2033 2054 3018 3072 3140 3222 3294 3333 3368
1888 2317 2340 2506 3474 3527 3778 3836 3929 3961 4052 4082 4619 5033 5307
455 682 935 956 1499 2857 2886 2981 3080 4742 4895 4988 5030 5082 5124
1530 1559 1620 1726 1812 1828 1859 3222 3409 3487 3527 3621 3721 3783 4138
1708 2348 2423 2443 2447 3797 5014 5176 5230 5507 5580 5623 5647 5684 5771
0 345 397 406 455 516 2538 2637 2699 2705 2767 2774 2854 2857 2914
227 794 839 935 1026 1039 1126 1208 1291 1369 1425 1510 1518 2054 2423
740 824 1819 1849 1909 1950 1967 2033 2122 4343 4431 4500 4545 4627 4633
0 90 117 165 173 264 344 433 482 514 2854 2944 3037 3686 3721
0 47 90 165 173 224 227 311 564 604 2142 3037 3082 3149 3207
397 592 2200 2297 2317 2348 2886 2919 2996 3929 4009 4082 4172 4247 4343
654 1669 1690 1796 1871 1888 3783 4500 4556 4619 4637 4654 4684 4700 4707
542 705 1369 2472 4633 4988 5030 5098 5171 5176 5184 5220 5307 5390 5410
