0 1159 1225 1235 1288 1314 1329 1394 1476 1665 1692 1785 1877 1973 2043
90 164 195 1783 1877 1934 2199 2207 2214 2424 2503 2521 2572 2590 2689
0 439 521 561 911 961 1262 1283 1289 1343 1411 1493 1523 1562 1597
289 362 561 591 731 946 3947 4005 4098 4130 4221 4251 4307 4334 4426
310 388 411 432 492 591 620 1993 3306 3736 3812 3905 3947 3999 4041
260 289 647 735 1476 1492 1834 1899 2722 2800 2826 2876 2963 3025 3039
1225 1314 1389 1486 1692 1783 2126 2145 2199 2284 2357 2400 2424 2461 3639
666 698 1040 1049 1098 1159 4779 4878 4940 4946 5008 5015 5095 5098 5155
492 577 815 6351 6442 6562 6676 6758 6841 6919 6975 7060 7068 7134 7222
94 607 666 751 811 852 4055 5095 5184 5262 5350 5419 5464 5546 5552
0 283 6001 6002 6010 6101 6181 6270 6319 6351 6379 6469 6562 6568 6603
0 5546 5589 5664 5672 5723 5726 5810 5844 5872 5932 6001 6046 6113 6171
195 260 634 731 751 782 815 869 4005 4098 4426 4474 4564 4639 4735
411 1899 2284 2335 2410 3039 3128 3187 3243 3306 3324 3341 3371 3387 3394
577 634 735 961 995 1032 1194 1920 3341 3429 3437 3449 3536 3619 3639
