5 510 576 586 639 665 704 769 984 994 1021 1114 1206 2213 3025
0 167 198 3374 3425 3482 3701 3709 3716 3807 3886 3904 3955 3973 4072
0 127 209 424 935 985 1275 1302 1308 1362 1430 3886 3906 3955 3990
65 339 362 621 651 704 3482 3945 4038 4278 4369 4708 4764 4791 4883
0 209 352 373 440 1174 1203 1298 1397 1476 1552 4054 4096 4148 4190
138 167 336 4096 4166 4182 4213 4278 4361 4439 4465 4515 4602 4664 4678
318 336 411 431 3283 3560 3628 3647 3701 3786 3859 3906 3930 3967 4054
0 198 250 286 3070 3131 3184 3283 3345 3351 3413 3420 3500 3503 3560
224 309 651 1470 1824 2002 2089 2171 2254 2332 2388 2473 2481 2547 2635
0 32 249 279 339 798 2635 2701 2790 2868 2956 3025 3070 3152 3158
74 639 666 667 675 766 846 935 3152 3184 3212 3345 3799 4120 4155
0 281 324 576 747 798 801 885 994 1114 1206 1275 1320 1475 1533
0 65 127 224 244 985 1714 1747 1824 1874 1954 3709 3973 4070 4369
232 260 389 440 515 532 621 1645 1701 1764 1782 1799 1829 2171 2178
0 260 276 318 352 389 1296 1397 1470 1475 1512 1524 1611 1694 1714
