5 438 759 769 2357 2431 2446 2511 2593 2952 3013 3368 3460 3556 3626
0 167 198 450 501 1507 2289 2444 2451 2805 2962 3438 3489 3507 3606
0 73 155 512 612 662 2003 2024 2030 2084 2152 2234 2254 2849 2884
0 73 195 662 692 798 892 1332 1425 1457 2593 2623 2679 2748 2840
0 229 591 612 672 1770 2556 2979 3078 3157 3233 3326 3368 3626 3668
73 102 163 558 1197 2299 2330 2395 2478 2722 2748 2798 2885 2947 2961
0 18 335 355 359 472 540 746 1654 1739 1812 1855 1879 1916 2947
0 198 250 286 335 950 985 1084 1146 1585 1647 1654 1734 1737 2798
57 716 746 842 933 946 1033 1115 1198 1276 1332 2234 3141 3460 3764
0 32 91 346 740 781 985 1051 1140 1457 1545 1614 1659 2293 2299
74 355 382 946 1198 1289 1369 1458 1741 2511 2539 2629 2722 3106 3639
0 49 259 504 540 591 594 678 712 1799 3012 3326 3371 3438 3496
102 167 229 326 346 842 1737 2885 2962 3012 3092 3140 3507 3582 3678
0 28 708 1119 1289 1458 1547 1614 1670 2254 2272 2289 2341 2424 2431
0 57 396 438 472 559 1051 1119 1192 2084 2242 2254 2341 2424 3233
