0 94 160 453 506 1977 2249 2314 2396 2509 2536 2629 2721 2817 2887
260 334 365 453 504 561 875 972 979 1070 1149 1167 1218 1236 1841
2970 2974 3056 3096 3182 3232 3286 3307 3313 3367 3435 3517 3537 3576 3611
6539 7031 7256 7286 7316 7369 7463 7521 7614 7646 7737 7767 7823 7850 7942
3566 3908 4055 4076 4136 4172 4201 4296 4395 4474 4550 4643 4685 4737 4779
6510 6539 6600 6688 6758 6774 6805 6870 6953 7031 7057 7107 7194 7256 7270
160 178 506 639 643 734 802 821 875 960 1934 2225 2249 2286 2373
3286 3318 3370 3517 3566 3627 3679 3778 3840 3846 3908 3915 3995 3998 4055
5109 5194 5224 5320 5411 5424 5511 5593 5676 5754 5810 5895 5903 5969 6057
94 883 942 1874 1934 1975 1992 2058 2147 2225 2313 2382 2427 2509 2515
170 526 561 1167 1175 1266 1346 1435 1484 1516 1544 1634 1727 1733 1768
8002 8659 8702 8777 8785 8836 8839 8923 8957 8985 9045 9114 9159 9226 9284
6612 7823 7885 7982 8002 8033 8066 8099 8176 8226 8306 8354 8444 8519 8615
3931 4395 4416 4685 4760 4777 4866 4925 4981 5044 5062 5079 5109 5125 5132
5194 5895 5911 5953 5987 6024 6057 6125 6198 6203 6211 6223 6310 6393 6413
