3152 3958 4039 4120 4182 4262 4265 4303 4365 4419 4485 4573 4655 4658 4670
0 83 1592 1639 1664 1753 1829 1881 1899 1921 2006 2032 2062 2067 2156
170 232 279 372 543 581 659 730 893 912 945 2061 2178 2268 2277
4999 5032 5114 5235 5265 5361 5392 5403 5429 5470 5525 5537 5547 5639 5642
134 788 837 850 1026 1095 1167 1186 1251 1288 2132 2268 2298 2371 2460
6743 7175 7207 7360 7373 7460 7554 7590 7666 7712 7742 7798 7860 7892 7944
6714 6989 7067 7088 7115 7132 7175 7189 7204 7220 7269 7341 7360 7459 7497
847 1155 1345 1349 1352 1367 1429 1479 1517 1566 1591 1609 2032 2037 2156
4419 4488 4501 4573 4670 4758 4789 4886 4934 4959 4999 5093 5115 5176 5235
372 504 508 543 623 2164 2210 2294 2340 2436 2508 2526 2549 2645 2719
3116 3152 3169 3361 3428 3475 3480 3531 3554 3636 3671 3767 3774 3828 3920
426 730 788 850 893 894 950 1026 1075 1566 1592 1671 1680 2037 2061
6254 6292 6378 6416 6454 6537 6573 6584 6601 6700 6714 6771 6835 6893 6989
5032 5265 5429 5522 5585 5646 5708 5783 5873 5913 5990 5998 6025 6121 6190
232 2210 2460 2549 2645 2648 2742 2826 2910 2963 3021 3116 3203 3293 3361
