0 86 530 1393 1610 2065 2159 3434 3459 3557 3606 4308 4316 4455 4476
0 160 849 887 923 1016 1051 1088 1116 1178 1264 1329 1340 2694 2776
0 124 191 287 1966 2049 2130 2190 3580 4128 4190 4380 4525 4563 4603
216 2278 2292 2365 2453 2477 2493 2571 2641 2694 2762 2835 2925 2983 2990
0 93 308 371 1897 1916 2641 3309 3368 3911 4370 4455 4554 4627 4722
143 205 265 1594 1727 1737 1809 1897 1966 2024 3346 3392 3455 3531 3614
0 150 218 409 758 802 807 3741 3841 3997 4050 4216 4308 4370 4455
0 60 124 326 2933 2996 3136 3247 3248 3344 3363 3422 3434 3475 3486
93 492 538 3676 3713 3804 3894 3957 3997 4065 4078 4094 4177 4406 4455
265 270 305 538 552 618 638 2835 2933 2996 3060 3136 3230 3247 3309
186 4226 4268 4741 4809 4882 4909 4961 5000 5041 5066 5075 5109 5159 5200
60 83 115 150 160 189 3713 3733 3741 3804 4177 4216 4248 4256 4289
0 28 378 381 409 475 540 1852 1957 2038 2046 2190 2232 2234 2257
0 50 189 216 1088 1340 1363 1386 1393 1470 1534 1594 1691 1727 1780
358 394 492 530 554 638 685 757 758 849 934 3799 4065 4085 4115
