677 921 1644 1654 1713 1778 1904 1975 2000 2098 2147 2190 2956 3046 3067
1086 1154 1182 1220 1256 1713 1748 1876 2432 2494 4499 4564 4785 4805 4887
0 124 191 287 378 586 667 1311 1399 3698 3779 3801 3951 3989 4029
664 677 691 764 852 876 892 970 1396 1449 1989 2062 2152 2797 2804
1561 1654 1926 1989 4145 4164 4205 4276 4335 4354 4414 4499 4598 4671 4766
1535 1619 1870 2334 2350 2360 2432 2520 2589 2647 2688 2734 2797 2873 2956
378 428 496 586 620 664 669 691 764 834 1449 1527 1619 1808 1893
0 60 124 216 260 323 428 983 984 1080 1654 1713 4276 4575 4586
716 1040 1086 3018 3055 3146 3236 3299 3339 3407 3420 3436 3519 3629 3653
0 886 921 1154 3067 3146 3149 3155 3253 3316 3380 3456 3550 3567 3629
809 844 886 1467 1706 3880 3907 3959 3998 4039 4064 4111 4145 4195 4236
1527 1550 1582 1725 1779 1808 1876 1896 3898 3959 4073 4112 4144 4152 4185
669 948 1464 1467 1495 1561 1620 3653 3698 3779 3787 3831 3873 3875 3898
5 449 542 569 1785 1847 1904 2062 2069 2210 2274 2589 2686 2722 2775
0 496 594 632 852 936 983 1055 1220 1311 1396 1464 1872 1896 1926
