86 155 530 611 922 1098 4523 4561 4623 4677 4743 4831 4913 4916 4928
1002 1101 1152 1199 1274 1363 1439 1491 1509 1531 1616 1765 3235 3454 3689
109 171 443 536 673 711 789 860 1472 1491 1834 1878 1967 2057 2072
968 1001 1194 1274 1304 1400 1509 1520 1546 1587 1642 1654 1664 1756 1759
0 361 410 1634 2781 2850 2922 2941 3006 3043 3100 3132 3143 3216 3305
0 1795 3672 3678 3691 3778 3872 3908 3984 4030 4060 4116 4178 4210 4262
83 218 296 317 344 1553 2297 2311 2326 2342 2391 2463 2482 2581 2619
0 12 86 425 428 468 530 1596 2311 2683 2708 2726 2781 2786 2857
1827 3908 4116 4149 4196 4282 4313 4410 4458 4483 4523 4617 4639 4700 4759
536 590 758 793 873 922 968 1052 1098 1400 1756 1774 1797 1893 1967
155 296 344 425 711 1677 2581 2850 2922 3043 3078 3174 3181 3305 3397
0 410 1491 1878 1921 1922 2066 2142 2191 2271 2297 2376 2385 2409 2433
0 38 124 236 1682 2941 2977 2988 3005 3104 3397 3454 3518 3576 3672
1642 1893 1979 2072 4677 4928 4990 5065 5155 5195 5272 5280 5307 5403 5472
36 4561 4623 4637 4916 4990 5272 5536 5620 5673 5731 5826 5913 6003 6071
