303 389 497 671 730 896 1095 1191 1216 1314 1363 1406 1414 1578 1965
1007 1075 1103 1260 1296 1389 1424 1461 1633 2038 2124 2189 2200 2220 2981
0 33 100 359 484 883 2124 2184 2372 2392 2454 2488 2567 2610 2650
0 13 27 100 188 212 228 306 376 429 497 570 660 718 725
351 507 820 883 896 959 1075 1146 1414 1433 1493 1578 1677 1750 1845
0 62 212 376 392 628 1103 1191 1260 1442 1483 1730 1889 2004 2087
306 392 730 948 982 1216 1406 1414 1493 1677 2302 2479 2571 3022 3107
429 884 1872 2163 2207 2270 2361 2382 2383 2479 2498 2557 2569 2610 2621
1204 1297 1363 2270 2307 2398 2488 2551 2605 2798 2811 2827 2910 2975 2999
122 449 660 795 809 875 878 964 1141 1204 1864 2072 2383 2999 3175
444 567 609 671 739 1845 1872 1924 1963 2004 2029 2038 2072 2122 2163
1504 1527 1559 1594 1604 1793 1861 1881 1889 2476 2910 2949 3043 3051 3084
228 256 356 359 479 545 604 628 878 999 1007 1051 1093 1296 1389
0 62 155 182 241 305 328 351 358 875 939 1319 3004 3165 3218
2200 2236 2334 2571 2595 2679 2726 2798 2799 2890 2975 3043 3085 3105 3135
