0 86 146 156 215 280 374 1226 1251 1349 1862 2570 2578 2668 2689
280 1251 1351 1409 1445 1538 1573 1610 1638 1700 1786 1851 2023 2231 2313
445 478 545 641 732 815 896 956 1044 1064 1929 1951 2030 2068 2108
86 1044 1058 1131 1905 1929 1945 2108 2178 2231 2299 2372 2462 2520 2527
2890 4013 4065 4128 4141 4160 4201 4272 4331 4350 4410 4495 4594 4667 4762
6190 7018 7078 7171 7187 7197 7269 7357 7426 7484 7525 7571 7634 7710 7793
6140 6451 6519 6609 6643 6687 6692 6700 6725 6795 6848 6926 7018 7080 7165
4331 4667 4762 4854 4898 4961 5052 5073 5074 5170 5189 5248 5260 5301 5312
2797 3319 3365 3416 3453 3544 3634 3697 3737 3805 3818 3834 3917 3966 3990
7078 7426 7525 7546 7560 7626 7629 7855 7953 8016 8080 8156 8250 8267 8329
2762 2797 2839 2901 2969 3042 3069 3121 3160 3201 3226 3235 3269 3319 3360
1126 1149 1181 1216 1226 1255 1323 1343 1351 1409 2531 2570 2602 2610 2643
6078 6106 6137 6140 6168 6234 6293 6317 6362 6443 6451 6495 6537 6539 6562
7083 8156 8249 8276 8366 8428 8451 8474 8481 8558 8622 8682 8779 8815 8868
5312 5348 5446 5484 5508 5592 5639 5711 5712 5803 5888 5956 5998 6018 6048
