0 339 527 537 590 1014 1230 1295 1400 1410 1437 1530 1622 3717 3989
90 271 302 1437 1711 1768 1846 1854 1861 1952 2031 2305 3517 3890 3989
0 155 237 493 579 738 1622 1718 1724 1778 1846 1928 1948 1987 2589
65 138 161 316 516 569 4283 4341 4434 4466 4557 4587 4643 4670 4762
0 237 435 456 537 1530 1559 4557 4752 4831 4907 5000 5042 5281 5323
242 271 405 4213 4283 4299 4892 4957 5040 5118 5144 5194 5281 5343 5357
1340 2356 2431 2451 2455 2546 2614 2633 2687 2772 4022 4065 4089 4126 4213
158 190 242 251 579 640 675 926 1008 1014 1076 1083 1163 1166 1223
0 190 220 316 826 839 926 1008 1262 1987 2043 2128 2136 2202 2290
94 99 191 221 297 663 3036 3148 3237 3315 3403 3472 3517 3599 3605
0 390 417 839 1091 1182 1262 1351 3599 3631 3659 3749 4677 4683 4718
161 2546 2589 2664 2672 2723 2726 2845 2879 2907 2967 3036 3081 3148 3206
0 65 127 281 332 629 1861 2049 3102 3605 3842 4587 4677 4752 4848
127 155 176 227 302 346 435 553 640 703 721 738 768 784 791
224 281 297 456 490 527 1643 3631 3704 3709 3717 3749 3836 3919 3939
