5 99 165 175 409 435 520 989 1071 1256 1283 1778 1942 2326 2396
90 219 250 795 846 903 981 989 996 1308 1829 1847 1995 2013 2322
0 101 183 241 327 377 431 638 769 1107 1553 1635 2026 2191 2226
0 73 121 151 358 411 505 1118 1266 1298 1389 1419 1667 1891 2182
0 78 101 142 312 525 554 1389 1488 1567 1643 1736 1778 2284 2326
138 167 528 903 1071 1087 1118 1183 1266 1344 1655 1705 1845 1907 1921
0 18 117 261 704 795 863 1087 1324 1409 1482 1705 1792 1870 2008
0 167 219 338 387 1039 1488 1784 1846 1951 2013 2020 2100 2103 2160
57 142 517 613 756 938 1025 1107 1190 1268 1475 1635 1907 1973 2167
0 32 91 121 265 505 973 1039 1387 1465 1553 1622 1667 2020 2038
0 90 117 303 318 448 646 981 1030 1062 1128 1370 1463 1973 2249
0 49 228 327 466 517 520 604 1081 1109 1192 1846 2100 2167 2225
73 199 261 358 378 613 646 679 1142 1409 1736 1830 1920 1995 2091
0 28 175 226 301 377 466 882 938 1001 1261 1278 2226 2242 2249
0 183 199 241 275 312 1074 1183 1256 1261 1643 1655 1742 1825 1845
