0 280 554 661 1754 1834 2233 2271 2333 2387 2453 3223 3442 3445 3656
2407 2490 2541 2650 2665 3077 3153 3205 3223 3245 3330 3356 3457 3730 4258
109 173 220 313 367 405 483 554 835 945 978 1022 1099 1189 1198
1093 1126 1598 1902 2044 2242 2273 2588 2614 2655 2710 2722 4391 4483 4486
73 136 185 267 310 987 1818 1837 1902 2106 2163 2195 2614 2687 2776
649 1703 1735 1741 2163 2541 2687 2723 2799 2845 2875 2931 2993 3025 3077
620 649 727 748 775 792 934 978 1189 1477 1526 1598 1617 2195 2233
650 1025 2807 2811 2875 3330 3392 3442 3480 3529 3554 3572 3627 3632 3703
198 267 367 400 447 533 564 661 709 1172 3798 3892 3914 3975 4034
0 99 103 138 218 1126 3572 3656 3702 3798 3870 3888 4578 4674 4748
2206 2242 2259 2340 2407 2454 2459 2510 2533 2615 2650 2746 2753 2931 3023
0 78 136 267 447 564 620 896 945 1219 1739 4127 4136 4160 4184
734 772 858 896 1620 1703 4162 4173 4190 4289 4303 4360 4424 4482 4578
1212 1741 1827 1920 1983 2044 3554 3914 4004 4050 4127 4135 4162 4258 4327
0 73 85 99 170 218 265 792 876 929 1205 1300 1387 1477 1545
