0 2311 3370 3380 3439 3504 3598 3669 3694 3792 3841 3884 3892 3982 4003
227 295 750 2275 3115 3208 3243 3280 3308 3370 3456 3521 3532 3552 3634
0 33 100 221 2192 2665 2746 2806 2894 2914 2976 2998 3077 3115 3155
86 916 5831 5904 5992 6016 6032 6110 6180 6233 6301 6374 6464 6522 6529
953 1046 1222 1285 1298 1317 1423 1494 1553 2371 4003 4088 4187 4260 4355
159 221 281 997 1013 1127 1199 1287 2083 2283 2324 2381 2444 2520 2603
109 159 5063 5547 5679 5723 5728 5736 5761 5831 5884 5962 6054 6116 6201
4740 4800 4864 4956 5000 5063 5154 5175 5176 5272 5291 5350 5362 5403 5414
823 916 962 1316 1679 1770 1860 1923 1963 2031 2044 2060 2143 2603 2627
0 2496 3671 3692 4088 4154 4260 4266 4364 4427 4491 4567 4661 4678 4740
788 823 1353 1415 1496 1860 1887 2044 2083 2124 2149 2158 2192 2242 2283
835 858 962 997 1098 1127 1195 1215 5291 5414 5476 5515 5547 5555 5588
0 1285 1316 1319 1347 1413 1472 1553 1598 1679 1687 1731 1773 2431 3598
5 16 109 136 195 374 930 1215 1222 1299 1363 5904 6001 6037 6233
0 295 393 431 455 539 586 658 659 750 1013 2454 3651 3671 3701
