0 212 278 1102 1155 1340 1364 1429 1511 1521 1554 2040 2927 3023 3093
90 164 264 352 462 697 775 851 1235 1429 1508 2526 2577 2595 2694
0 4 86 126 239 289 520 1055 3170 3224 3609 3691 3711 3750 3785
195 268 291 562 592 807 901 959 1052 1084 1175 1205 1452 1479 1986
117 195 218 239 299 432 501 596 695 774 1003 1190 1268 2141 2350
65 94 278 541 611 627 1548 1817 1900 1978 2004 2054 2141 2203 2217
0 155 244 264 403 494 562 627 1052 1137 1297 1340 1364 1401 1488
0 94 146 195 366 427 786 885 1291 2247 2330 2446 2526 2529 2586
299 402 592 695 786 1122 1209 1291 1374 1452 1521 1809 1817 1883 1971
289 343 402 596 656 1276 1488 1554 1643 1721 2004 2073 2118 2200 2206
0 90 519 799 964 1066 1146 1261 2200 2232 2260 2350 2443 2449 2484
0 47 155 427 792 843 846 930 964 992 1971 2073 2118 2185 2243
0 86 384 481 501 877 910 3093 3170 3220 3300 3348 3438 3513 3609
268 494 515 611 686 703 792 947 1003 1084 1205 1222 1643 3292 3299
481 538 554 843 877 1096 1122 1190 1263 1268 1900 2577 2727 2810 2830
