439 1575 1662 2218 2271 2647 2662 3500 3582 3592 3619 3978 4070 4166 4236
90 1497 1703 1791 1842 1899 3492 3500 3507 3708 3803 3821 3872 3890 3989
0 101 475 1220 1629 1683 1899 1990 1996 2068 2136 2350 2370 2440 2475
0 73 96 126 156 246 485 543 863 1232 1737 1767 1823 1850 1942
0 78 322 343 410 446 475 1042 1141 1220 1332 1425 1467 1519 1569
73 698 759 1467 1537 1631 1842 1907 1990 2068 2094 2144 2231 2908 2922
288 306 381 401 405 584 3241 3366 3453 3538 3611 3654 3766 3803 3890
0 102 154 163 847 908 943 1042 1414 1420 1482 1489 1569 1572 1629
57 142 343 1141 1232 1245 1332 1414 1497 1575 1631 3475 3507 3890 3978
0 172 231 261 321 362 543 609 698 895 2094 2163 2208 2290 2296
0 90 117 238 246 1306 1386 1977 2290 2322 2350 2440 2533 2539 2574
0 47 163 238 533 776 779 1528 1716 2941 3068 3196 3241 3308 3366
154 2026 2727 2824 2844 2875 2908 2941 3018 3068 3148 3196 3286 3361 3457
0 90 359 410 485 652 2293 2352 2408 3457 3475 3678 3708 3724 3731
0 57 246 288 322 1425 1537 1605 1678 1683 1691 1703 1790 1873 1893
